[gd_scene load_steps=7 format=2]

[ext_resource path="res://Player.tscn" type="PackedScene" id=1]

[sub_resource type="BoxShape" id=1]
extents = Vector3( 13.3611, 0.35369, 2.78988 )

[sub_resource type="CubeMesh" id=2]

[sub_resource type="SpatialMaterial" id=3]
albedo_color = Color( 1, 0, 0, 1 )

[sub_resource type="ProceduralSky" id=4]

[sub_resource type="Environment" id=5]
background_mode = 1
background_sky = SubResource( 4 )
background_color = Color( 0.0313726, 0.172549, 0.0666667, 1 )
ambient_light_color = Color( 0.0588235, 0.737255, 0, 1 )

[node name="Spatial" type="Spatial"]
transform = Transform( 1, 0, 0, 0, 1, 0, 0, 0, 4.60832, 0, 0, 0 )

[node name="Spatial" type="Spatial" parent="."]
transform = Transform( -4.37114e-08, 0, -1, 0, 1, 0, 1, 0, -4.37114e-08, 0, 0, -8.64111 )

[node name="StaticBody" type="StaticBody" parent="Spatial"]
transform = Transform( 1, 0, 0, 0, 1, 0, 0, 0, 1, 0, -8.89547, 0 )

[node name="CollisionShape" type="CollisionShape" parent="Spatial/StaticBody"]
shape = SubResource( 1 )

[node name="MeshInstance" type="MeshInstance" parent="Spatial/StaticBody"]
transform = Transform( 13.3094, 0, 0, 0, 0.222349, 0, 0, 0, 2.82931, 0, 0, 0 )
mesh = SubResource( 2 )
material/0 = SubResource( 3 )

[node name="Spatial2" type="Spatial" parent="."]
transform = Transform( -4.37114e-08, -0.707107, -0.707107, 0, 0.707107, -0.707107, 1, -3.09086e-08, -3.09086e-08, 0, 0, -38.6076 )

[node name="StaticBody" type="StaticBody" parent="Spatial2"]
transform = Transform( 1, 0, 0, 0, 1, 0, 0, 0, 1, 0, -8.89547, 0 )

[node name="CollisionShape" type="CollisionShape" parent="Spatial2/StaticBody"]
shape = SubResource( 1 )

[node name="MeshInstance" type="MeshInstance" parent="Spatial2/StaticBody"]
transform = Transform( 13.3094, 0, 0, 0, 0.222349, 0, 0, 0, 2.82931, 0, 0, 0 )
mesh = SubResource( 2 )

[node name="Spatial3" type="Spatial" parent="."]
transform = Transform( -4.37114e-08, -1, 0, 0, 0, -1, 1, -4.37114e-08, 0, 0, 0, -155.869 )

[node name="StaticBody" type="StaticBody" parent="Spatial3"]
transform = Transform( 1, 0, 0, 0, 1, 0, 0, 0, 1, 0, -8.89547, 0 )

[node name="CollisionShape" type="CollisionShape" parent="Spatial3/StaticBody"]
shape = SubResource( 1 )

[node name="MeshInstance" type="MeshInstance" parent="Spatial3/StaticBody"]
transform = Transform( 13.3094, 0, 0, 0, 0.222349, 0, 0, 0, 2.82931, 0, 0, 0 )
mesh = SubResource( 2 )

[node name="Spatial4" type="Spatial" parent="."]
transform = Transform( -4.37114e-08, -0.707107, 0.707107, 0, -0.707107, -0.707107, 1, -3.09086e-08, 3.09086e-08, 0, 0, -66.7156 )

[node name="StaticBody" type="StaticBody" parent="Spatial4"]
transform = Transform( 1, 0, 0, 0, 1, 0, 0, 0, 1, 0, -8.89547, 0 )

[node name="CollisionShape" type="CollisionShape" parent="Spatial4/StaticBody"]
shape = SubResource( 1 )

[node name="MeshInstance" type="MeshInstance" parent="Spatial4/StaticBody"]
transform = Transform( 13.3094, 0, 0, 0, 0.222349, 0, 0, 0, 2.82931, 0, 0, 0 )
mesh = SubResource( 2 )

[node name="Spatial5" type="Spatial" parent="."]
transform = Transform( -4.37105e-08, 0.00626569, 0.99998, -2.73882e-10, -0.99998, 0.00626569, 1, 0, 4.37114e-08, 0, 0, -183.349 )

[node name="StaticBody" type="StaticBody" parent="Spatial5"]
transform = Transform( 1, 0, 0, 0, 1, 0, 0, 0, 1, 0, -8.89547, 0 )

[node name="CollisionShape" type="CollisionShape" parent="Spatial5/StaticBody"]
shape = SubResource( 1 )

[node name="MeshInstance" type="MeshInstance" parent="Spatial5/StaticBody"]
transform = Transform( 13.3094, 0, 0, 0, 0.222349, 0, 0, 0, 2.82931, 0, 0, 0 )
mesh = SubResource( 2 )

[node name="Spatial6" type="Spatial" parent="."]
transform = Transform( -4.37114e-08, 0.707107, 0.707107, 0, -0.707107, 0.707107, 1, 3.09086e-08, 3.09086e-08, 0, 0, -131.661 )

[node name="StaticBody" type="StaticBody" parent="Spatial6"]
transform = Transform( 1, 0, 0, 0, 1, 0, 0, 0, 1, 0, -8.89547, 0 )

[node name="CollisionShape" type="CollisionShape" parent="Spatial6/StaticBody"]
shape = SubResource( 1 )

[node name="MeshInstance" type="MeshInstance" parent="Spatial6/StaticBody"]
transform = Transform( 13.3094, 0, 0, 0, 0.222349, 0, 0, 0, 2.82931, 0, 0, 0 )
mesh = SubResource( 2 )

[node name="Spatial7" type="Spatial" parent="."]
transform = Transform( -4.37114e-08, 1, 0, 0, 0, 1, 1, 4.37114e-08, 0, 0, 0, -99.4329 )

[node name="StaticBody" type="StaticBody" parent="Spatial7"]
transform = Transform( 1, 0, 0, 0, 1, 0, 0, 0, 1, 0, -8.89547, 0 )

[node name="CollisionShape" type="CollisionShape" parent="Spatial7/StaticBody"]
shape = SubResource( 1 )

[node name="MeshInstance" type="MeshInstance" parent="Spatial7/StaticBody"]
transform = Transform( 13.3094, 0, 0, 0, 0.222349, 0, 0, 0, 2.82931, 0, 0, 0 )
mesh = SubResource( 2 )

[node name="Spatial8" type="Spatial" parent="."]
transform = Transform( -4.37114e-08, 0.707107, -0.707107, 0, 0.707107, 0.707107, 1, 3.09086e-08, -3.09086e-08, 0, 0, -220.287 )

[node name="StaticBody" type="StaticBody" parent="Spatial8"]
transform = Transform( 1, 0, 0, 0, 1, 0, 0, 0, 1, 0, -8.89547, 0 )

[node name="CollisionShape" type="CollisionShape" parent="Spatial8/StaticBody"]
shape = SubResource( 1 )

[node name="MeshInstance" type="MeshInstance" parent="Spatial8/StaticBody"]
transform = Transform( 13.3094, 0, 0, 0, 0.222349, 0, 0, 0, 2.82931, 0, 0, 0 )
mesh = SubResource( 2 )

[node name="Player" parent="." instance=ExtResource( 1 )]

[node name="WorldEnvironment" type="WorldEnvironment" parent="."]
environment = SubResource( 5 )
